0 0.8468186372745491 0.7708890374331551 0.040831663326653306 0.06383689839572193
0 0.07577655310621242 0.43683155080213903 0.02029058116232465 0.02406417112299465
0 0.39240981963927857 0.5437834224598931 0.03532064128256513 0.03943850267379679
0 0.6499248496993988 0.48161764705882354 0.021292585170340682 0.034759358288770054
0 0.6740981963927856 0.49314839572192515 0.019539078156312624 0.028409090909090908
0 0.26189879759519036 0.1537433155080214 0.018787575150300603 0.02807486631016043
0 0.22682865731462926 0.030414438502673797 0.017284569138276553 0.020053475935828877
0 0.43587174348697394 0.30982620320855614 0.023547094188376753 0.027406417112299464
0 0.5791583166332666 0.41059491978609625 0.012525050100200401 0.019719251336898395
0 0.7011523046092184 0.06751336898395723 0.023547094188376753 0.022727272727272728
0 0.44514028056112226 0.17713903743315507 0.014028056112224449 0.01871657754010695
0 0.4506513026052104 0.20738636363636365 0.015531062124248497 0.025066844919786096
0 0.9223446893787575 0.638870320855615 0.01503006012024048 0.021056149732620322
