0 0.05373246492985972 0.43783422459893045 0.0077655310621242485 0.02339572192513369
0 0.1903807615230461 0.7286096256684492 0.026052104208416832 0.008021390374331552
0 0.32352204408817636 0.8312165775401069 0.014779559118236472 0.02072192513368984
0 0.2309619238476954 0.8225267379679144 0.010521042084168337 0.01270053475935829
0 0.27667835671342683 0.4712566844919786 0.007264529058116233 0.010026737967914439
0 0.32652805611222446 0.37850935828877 0.013276553106212424 0.013703208556149732
0 0.40268036072144286 0.3417446524064171 0.009769539078156312 0.011697860962566845
0 0.4283567134268537 0.12683823529411764 0.008517034068136272 0.01036096256684492
0 0.6008266533066132 0.3815173796791444 0.009769539078156312 0.011029411764705883
0 0.6296342685370742 0.4852941176470588 0.016783567134268536 0.016711229946524065
0 0.7087925851703407 0.5842245989304813 0.006763527054108216 0.009358288770053475
0 0.7332164328657315 0.5526403743315508 0.013026052104208416 0.021724598930481284
0 0.8713677354709419 0.522894385026738 0.026803607214428857 0.03910427807486631
0 0.7894539078156313 0.7349598930481284 0.014278557114228457 0.01871657754010695
