0 0.46630761523046094 0.20120320855614973 0.05185370741482966 0.06684491978609626
0 0.29170841683366733 0.5609959893048129 0.02029058116232465 0.01771390374331551
0 0.48547094188376755 0.4799465240641711 0.030561122244488977 0.03542780748663102
0 0.27617735470941884 0.6559157754010695 0.017284569138276553 0.01771390374331551
0 0.749749498997996 0.5870655080213903 0.034569138276553106 0.03843582887700535
0 0.8013527054108216 0.6462232620320856 0.029559118236472944 0.03977272727272727
0 0.22557615230460923 0.8246991978609626 0.024298597194388778 0.03776737967914438
0 0.23271543086172344 0.6330213903743316 0.021042084168336674 0.02807486631016043
0 0.06437875751503006 0.0670120320855615 0.021042084168336674 0.021724598930481284
0 0.013026052104208416 0.6905080213903744 0.014028056112224449 0.022058823529411766
0 0.049849699398797596 0.8048128342245989 0.014028056112224449 0.02072192513368984
0 0.1496743486973948 0.7170788770053476 0.010270541082164329 0.01036096256684492
