0 0.9579158316633266 0.705548128342246 0.02655310621242485 0.05013368983957219
0 0.5237975951903807 0.6497326203208557 0.03206412825651302 0.0427807486631016
0 0.8811372745490982 0.42413101604278075 0.02029058116232465 0.030080213903743314
0 0.8523296593186372 0.38335561497326204 0.02029058116232465 0.02406417112299465
0 0.5237975951903807 0.5838903743315508 0.021042084168336674 0.02406417112299465
0 0.11410320641282565 0.4577205882352941 0.017284569138276553 0.01771390374331551
0 0.08867735470941884 0.5066844919786097 0.019539078156312624 0.02406417112299465
0 0.05172845691382766 0.40391042780748665 0.024298597194388778 0.025066844919786096
0 0.15480961923847694 0.13268716577540107 0.011022044088176353 0.02406417112299465
0 0.02091683366733467 0.2351270053475936 0.010771543086172345 0.01771390374331551
0 0.7567635270541082 0.6032754010695187 0.012525050100200401 0.01270053475935829
