plastic 0.627129258517034 0.6231617647058824 0.05235470941883767 0.08121657754010696
plastic 0.32853206412825653 0.7386363636363636 0.015781563126252503 0.02406417112299465
plastic 0.22670340681362725 0.8079879679144385 0.014028056112224449 0.019050802139037433
plastic 0.5705160320641283 0.5108622994652406 0.029809619238476952 0.028409090909090908
plastic 0.7117985971943888 0.32536764705882354 0.014779559118236472 0.027072192513368985
plastic 0.7582665330661322 0.5096925133689839 0.022044088176352707 0.02606951871657754
plastic 0.6346442885771543 0.17864304812834225 0.017284569138276553 0.01570855614973262
plastic 0.5872995991983968 0.19635695187165775 0.014779559118236472 0.01771390374331551
plastic 0.688251503006012 0.17346256684491979 0.010270541082164329 0.020053475935828877
plastic 0.7171843687374749 0.6263368983957219 0.01002004008016032 0.014705882352941176
