plastic 0.21781062124248496 0.6206550802139037 0.04934869739478958 0.05748663101604278
plastic 0.11097194388777555 0.7453208556149733 0.015531062124248497 0.014705882352941176
plastic 0.343436873747495 0.6796457219251337 0.014028056112224449 0.023061497326203207
plastic 0.39779559118236474 0.4293114973262032 0.021042084168336674 0.030414438502673797
plastic 0.44251002004008017 0.4622326203208556 0.014779559118236472 0.02072192513368984
plastic 0.6213677354709419 0.38920454545454547 0.0593687374749499 0.07520053475935828
plastic 0.5556112224448898 0.7374665775401069 0.014028056112224449 0.019719251336898395
plastic 0.9223446893787575 0.6462232620320856 0.02905811623246493 0.027072192513368985
plastic 0.8620991983967936 0.021891711229946525 0.10245490981963928 0.043114973262032084
plastic 0.7650300601202404 0.767379679144385 0.030561122244488977 0.03542780748663102
plastic 0.8636022044088176 0.7954545454545454 0.011773547094188376 0.03342245989304813
plastic 0.9223446893787575 0.6836564171122995 0.022545090180360723 0.021056149732620322
