plastic 0.2898296593186373 0.49565508021390375 0.018036072144288578 0.029411764705882353
plastic 0.6193637274549099 0.19802807486631016 0.03982965931863727 0.10661764705882353
plastic 0.7547595190380761 0.272225935828877 0.016533066132264528 0.029077540106951873
plastic 0.7525050100200401 0.24398395721925134 0.016533066132264528 0.027406417112299464
plastic 0.8201402805611222 0.0962566844919786 0.028056112224448898 0.03877005347593583
plastic 0.18962925851703408 0.41995320855614976 0.019539078156312624 0.03241978609625668
plastic 0.23233967935871744 0.41260026737967914 0.017284569138276553 0.019719251336898395
plastic 0.020415831663326653 0.4572192513368984 0.011773547094188376 0.016711229946524065
plastic 0.16144789579158317 0.05030080213903743 0.014779559118236472 0.01771390374331551
plastic 0.4248496993987976 0.4963235294117647 0.028056112224448898 0.02807486631016043
plastic 0.5278056112224448 0.5334224598930482 0.022545090180360723 0.03141711229946524
plastic 0.41470440881763526 0.8231951871657754 0.028306613226452906 0.030080213903743314
plastic 0.3187625250501002 0.7809157754010695 0.025801603206412827 0.029077540106951873
plastic 0.49599198396793587 0.8148395721925134 0.025050100200400802 0.02807486631016043
plastic 0.7117985971943888 0.6356951871657754 0.027304609218436873 0.06283422459893048
plastic 0.7355961923847696 0.6330213903743316 0.026803607214428857 0.06149732620320856
