plastic 0.5606212424849699 0.3170120320855615 0.02905811623246493 0.025066844919786096
plastic 0.6455410821643287 0.41059491978609625 0.036072144288577156 0.04712566844919786
plastic 0.7114228456913828 0.43616310160427807 0.025050100200400802 0.03141711229946524
plastic 0.3418086172344689 0.5526403743315508 0.042334669338677355 0.061831550802139035
plastic 0.3191382765531062 0.5885695187165776 0.050100200400801605 0.03141711229946524
plastic 0.38339178356713427 0.5245655080213903 0.03281563126252505 0.03442513368983957
plastic 0.5782815631262525 0.4847927807486631 0.03582164328657315 0.04512032085561497
plastic 0.5899298597194389 0.43933823529411764 0.02655310621242485 0.029077540106951873
plastic 0.42910821643286573 0.5797125668449198 0.018036072144288578 0.019719251336898395
plastic 0.34218436873747493 0.6403743315508021 0.02905811623246493 0.053475935828877004
plastic 0.3942885771543086 0.7678810160427807 0.02655310621242485 0.03241978609625668
plastic 0.3351703406813627 0.7625334224598931 0.021042084168336674 0.028409090909090908
plastic 0.7332164328657315 0.6686163101604278 0.022044088176352707 0.021724598930481284
plastic 0.7114228456913828 0.6450534759358288 0.025050100200400802 0.03342245989304813
plastic 0.8510771543086172 0.7792446524064172 0.021292585170340682 0.03843582887700535
plastic 0.6440380761523046 0.8069852941176471 0.0405811623246493 0.04177807486631016
plastic 0.844814629258517 0.6915106951871658 0.024298597194388778 0.02606951871657754
plastic 0.8354208416833667 0.4476938502673797 0.01002004008016032 0.019050802139037433
plastic 0.9142034068136272 0.5243983957219251 0.018787575150300603 0.02606951871657754
plastic 0.9931112224448898 0.7464906417112299 0.01377755511022044 0.027072192513368985
plastic 0.6335170340681363 0.5365975935828877 0.019539078156312624 0.025066844919786096
plastic 0.5289328657314629 0.3980614973262032 0.023296593186372744 0.03208556149732621
plastic 0.468311623246493 0.7932820855614974 0.022795591182364728 0.027072192513368985
