plastic 0.029809619238476952 0.5447860962566845 0.019539078156312624 0.03141711229946524
plastic 0.10671342685370741 0.29879679144385024 0.018036072144288578 0.020053475935828877
plastic 0.24273547094188377 0.575701871657754 0.03206412825651302 0.03643048128342246
plastic 0.32615230460921846 0.5135360962566845 0.037575150300601205 0.04578877005347594
plastic 0.5442134268537074 0.5484625668449198 0.04483967935871744 0.04879679144385027
plastic 0.3156312625250501 0.6570855614973262 0.016533066132264528 0.02406417112299465
plastic 0.04671843687374749 0.9689171122994652 0.03281563126252505 0.03141711229946524
plastic 0.8643537074148296 0.598596256684492 0.013276553106212424 0.02406417112299465
plastic 0.5548597194388778 0.05915775401069519 0.012525050100200401 0.02072192513368984
plastic 0.9512775551102205 0.7573529411764706 0.03381763527054108 0.04679144385026738
plastic 0.47419839679358716 0.3980614973262032 0.023547094188376753 0.02807486631016043
