plastic 0.19438877755511022 0.8111631016042781 0.03206412825651302 0.03141711229946524
plastic 0.1586923847695391 0.9092580213903744 0.017284569138276553 0.023061497326203207
plastic 0.019664328657314628 0.9782754010695187 0.013276553106212424 0.022727272727272728
plastic 0.3939128256513026 0.8586229946524064 0.01778557114228457 0.02807486631016043
plastic 0.8197645290581163 0.8559491978609626 0.011773547094188376 0.016711229946524065
plastic 0.4619238476953908 0.27540106951871657 0.018036072144288578 0.02072192513368984
plastic 0.050976953907815634 0.23094919786096257 0.011773547094188376 0.01537433155080214
plastic 0.06074649298597194 0.1258355614973262 0.018787575150300603 0.025066844919786096
plastic 0.1128507014028056 0.10294117647058823 0.027304609218436873 0.029411764705882353
plastic 0.49185871743486975 0.0481283422459893 0.025801603206412827 0.03676470588235294
plastic 0.5011272545090181 0.2560160427807487 0.027304609218436873 0.034759358288770054
plastic 0.4193386773547094 0.2195855614973262 0.0405811623246493 0.02406417112299465
plastic 0.4807114228456914 0.12032085561497326 0.018036072144288578 0.02406417112299465
plastic 0.8243987975951904 0.4425133689839572 0.016533066132264528 0.03141711229946524
plastic 0.874248496993988 0.5155414438502673 0.011022044088176353 0.025066844919786096
