0 0.8299098196392786 0.3442513368983957 0.021042084168336674 0.03542780748663102
0 0.6901302605210421 0.14588903743315507 0.08767535070140281 0.10461229946524064
0 0.6998997995991983 0.23044786096256684 0.05561122244488978 0.056483957219251334
0 0.10971943887775551 0.3014705882352941 0.016533066132264528 0.029411764705882353
0 0.5985721442885772 0.25969251336898397 0.017284569138276553 0.02072192513368984
0 0.4628006012024048 0.12867647058823528 0.01628256513026052 0.022058823529411766
0 0.876503006012024 0.4577205882352941 0.017034068136272545 0.03241978609625668
0 0.6593186372745491 0.46691176470588236 0.01503006012024048 0.02807486631016043
0 0.8584669338677354 0.60076871657754 0.015531062124248497 0.03241978609625668
0 0.2377254509018036 0.9107620320855615 0.015531062124248497 0.02606951871657754
0 0.4084418837675351 0.9448529411764706 0.018787575150300603 0.02072192513368984
