0 0.016783567134268536 0.691677807486631 0.02004008016032064 0.023729946524064172
0 0.09706913827655311 0.5661764705882353 0.01628256513026052 0.016042780748663103
0 0.14554108216432865 0.28141711229946526 0.012024048096192385 0.017379679144385027
0 0.06525551102204409 0.1368649732620321 0.018787575150300603 0.019719251336898395
0 0.5385771543086172 0.6911764705882353 0.012525050100200401 0.0213903743315508
0 0.7239478957915831 0.30113636363636365 0.02555110220440882 0.029411764705882353
0 0.8329158316633266 0.27038770053475936 0.017034068136272545 0.0213903743315508
0 0.8237725450901804 0.23546122994652408 0.003256513026052104 0.009024064171122994
0 0.7369739478957916 0.08355614973262032 0.022044088176352707 0.01804812834224599
0 0.9431362725450901 0.3482620320855615 0.016533066132264528 0.016042780748663103
