0 0.35708917835671344 0.2560160427807487 0.025801603206412827 0.03676470588235294
0 0.11786072144288577 0.5411096256684492 0.018787575150300603 0.02606951871657754
0 0.3102454909819639 0.5599933155080213 0.03682364729458918 0.03843582887700535
0 0.39228456913827653 0.6263368983957219 0.019539078156312624 0.02072192513368984
0 0.564128256513026 0.3014705882352941 0.015531062124248497 0.027406417112299464
0 0.31713426853707416 0.8858622994652406 0.016533066132264528 0.01771390374331551
0 0.49799599198396793 0.41009358288770054 0.01002004008016032 0.01871657754010695
0 0.749749498997996 0.4042446524064171 0.009519038076152305 0.01771390374331551
0 0.935996993987976 0.8696524064171123 0.028306613226452906 0.03141711229946524
0 0.9243486973947895 0.638201871657754 0.014028056112224449 0.013703208556149732
