0 0.15242985971943887 0.7072192513368984 0.0217935871743487 0.02406417112299465
0 0.156312625250501 0.8800133689839572 0.017034068136272545 0.02072192513368984
0 0.2006513026052104 0.8856951871657754 0.018036072144288578 0.02406417112299465
0 0.28269038076152303 0.9562165775401069 0.04784569138276553 0.05013368983957219
0 0.5246743486973948 0.9124331550802139 0.04784569138276553 0.07286096256684492
0 0.4095691382765531 0.4592245989304813 0.026052104208416832 0.0374331550802139
0 0.43925350701402804 0.12917780748663102 0.025801603206412827 0.04378342245989305
0 0.23346693386773548 0.09776069518716578 0.019539078156312624 0.027072192513368985
0 0.747745490981964 0.6544117647058824 0.04158316633266533 0.05213903743315508
0 0.7841933867735471 0.6263368983957219 0.017284569138276553 0.029411764705882353
0 0.3653557114228457 0.6622660427807486 0.0217935871743487 0.028409090909090908
0 0.33792585170340683 0.7573529411764706 0.017034068136272545 0.01804812834224599
0 0.05886773547094189 0.7088903743315508 0.022545090180360723 0.03342245989304813
0 0.08817635270541083 0.7344585561497327 0.014028056112224449 0.01771390374331551
0 0.5865480961923848 0.5521390374331551 0.014779559118236472 0.02072192513368984
0 0.6672094188376754 0.647225935828877 0.013276553106212424 0.021056149732620322
0 0.4710671342685371 0.7118983957219251 0.015781563126252503 0.01871657754010695
0 0.45879258517034066 0.7359625668449198 0.013276553106212424 0.014705882352941176
0 0.2714178356713427 0.6941844919786097 0.023296593186372744 0.022727272727272728
0 0.3250250501002004 0.6737967914438503 0.019789579158316632 0.02606951871657754
