0 0.05686372745490982 0.9751002673796791 0.028056112224448898 0.029077540106951873
0 0.047970941883767534 0.6012700534759359 0.027304609218436873 0.029411764705882353
0 0.12036573146292585 0.6246657754010695 0.017284569138276553 0.02807486631016043
0 0.09832164328657314 0.6221590909090909 0.018787575150300603 0.025066844919786096
0 0.02905811623246493 0.6642713903743316 0.016533066132264528 0.01570855614973262
0 0.125375751503006 0.30765374331550804 0.021292585170340682 0.027072192513368985
0 0.21505511022044088 0.3744986631016043 0.018787575150300603 0.023061497326203207
0 0.22632765531062124 0.33689839572192515 0.011773547094188376 0.016711229946524065
0 0.27054108216432865 0.38335561497326204 0.014028056112224449 0.02406417112299465
0 0.1343937875751503 0.24615641711229946 0.026803607214428857 0.021056149732620322
0 0.4134519038076152 0.0518048128342246 0.01628256513026052 0.027406417112299464
0 0.9485220440881763 0.5995989304812834 0.014278557114228457 0.020053475935828877
0 0.4921092184368738 0.10929144385026739 0.0343186372745491 0.0481283422459893
